"Review & Payments","Review & Payment"
"Shipping","Shipping Information"
